-27 -33
-27 -31
-29 -31
-31 -31
-33 -31
-35 -31
-35 -29
-37 -29
-39 -29
-41 -29
-43 -29
-45 -29
-47 -29
-49 -29
-51 -29
-53 -29
-53 -31
-55 -31
-55 -33
-57 -33
-59 -35
-59 -37
-61 -37
-61 -39
-63 -39
-63 -41
-63 -43
-65 -43
-65 -45
-65 -47
-67 -47
-67 -49
-67 -51
-67 -53
-67 -55
-67 -57
-67 -59
-67 -61
-67 -63
-67 -65
-67 -67
-67 -69
-67 -71
-65 -71
-65 -73
-65 -75
-63 -75
-63 -77
-63 -79
-61 -79
-61 -81
-59 -81
-59 -83
-57 -83
-57 -85
-55 -85
-53 -87
-51 -87
-51 -89
-49 -89
-47 -89
-45 -89
-43 -89
-41 -89
-39 -89
-37 -89
-35 -89
-33 -89
-31 -89
-31 -87
-29 -87
-29 -85
-27 -85
-27 -83
-27 -81
-25 -81
23 -36
23 -34
21 -34
21 -32
19 -32
17 -32
15 -32
13 -32
11 -30
9 -30
7 -30
5 -30
3 -30
1 -30
-1 -30
-3 -30
-5 -32
-5 -34
-7 -34
-7 -36
-7 -38
-7 -40
-7 -42
-7 -44
-7 -46
-5 -46
-5 -48
-5 -50
-3 -52
-3 -54
-1 -54
-1 -56
1 -56
1 -58
3 -58
5 -58
5 -60
7 -60
9 -60
9 -62
11 -62
13 -62
15 -62
15 -64
17 -64
19 -64
21 -64
21 -66
23 -66
23 -68
23 -70
25 -70
25 -72
25 -74
25 -76
25 -78
25 -80
25 -82
23 -82
23 -84
23 -86
21 -86
21 -88
19 -88
19 -90
17 -90
17 -92
15 -92
13 -92
13 -94
11 -94
9 -94
7 -96
5 -96
3 -96
1 -96
-1 -96
-3 -96
-3 -94
-5 -94
-7 -94
-7 -92
-9 -92
-9 -90
-11 -90
-11 -88
59 -34
59 -32
57 -32
55 -34
55 -36
55 -38
53 -38
53 -40
53 -42
53 -44
53 -46
51 -46
51 -48
51 -50
49 -50
49 -52
49 -54
49 -56
49 -58
47 -58
47 -60
47 -62
47 -64
45 -64
45 -66
43 -68
43 -70
41 -70
41 -72
41 -74
39 -74
39 -76
37 -76
37 -78
37 -80
37 -82
35 -82
35 -84
35 -86
35 -88
35 -90
35 -92
33 -92
33 -94
61 -39
61 -41
61 -43
63 -43
63 -45
63 -47
65 -47
65 -49
65 -51
67 -51
67 -53
67 -55
69 -55
69 -57
69 -59
71 -59
71 -61
71 -63
73 -63
73 -65
73 -67
75 -69
75 -71
75 -73
77 -73
77 -75
77 -77
79 -77
79 -79
79 -81
81 -81
81 -83
81 -85
83 -85
83 -87
83 -89
85 -89
85 -91
85 -93
85 -95
87 -95
87 -97
87 -99
87 -101
75 -83
73 -83
71 -83
69 -83
67 -83
65 -83
63 -83
61 -83
59 -83
57 -83
57 -85
55 -85
125 -35
123 -35
121 -35
119 -35
117 -35
115 -35
115 -37
113 -37
113 -39
113 -41
113 -43
113 -45
113 -47
111 -47
111 -49
111 -51
111 -53
111 -55
111 -57
111 -59
111 -61
111 -63
111 -65
109 -65
109 -67
107 -67
107 -69
105 -69
103 -69
101 -69
101 -71
99 -71
101 -71
101 -73
103 -73
105 -73
105 -75
107 -75
107 -77
109 -77
109 -79
111 -81
111 -83
111 -85
111 -87
111 -89
111 -91
111 -93
111 -95
111 -97
111 -99
111 -101
111 -103
111 -105
111 -107
111 -109
111 -111
111 -113
113 -113
113 -115
115 -115
115 -117
117 -117
119 -117
121 -117
123 -117
125 -117
127 -117
154 -45
154 -47
154 -49
154 -51
154 -53
154 -55
154 -57
154 -59
154 -61
154 -63
154 -65
154 -67
154 -69
154 -71
154 -73
154 -75
154 -77
154 -79
154 -81
154 -83
154 -85
154 -87
154 -89
154 -91
154 -93
154 -95
154 -97
154 -99
154 -101
154 -103
154 -105
152 -105
150 -107
148 -107
146 -109
144 -109
142 -109
140 -109
138 -109
138 -107
136 -107
136 -105
177 -62
177 -64
177 -66
177 -68
177 -70
177 -72
177 -74
177 -76
177 -78
177 -80
177 -82
177 -84
177 -86
177 -88
177 -90
177 -92
177 -94
177 -96
177 -98
177 -100
179 -100
181 -100
181 -102
183 -102
185 -102
187 -102
189 -102
189 -100
191 -100
193 -100
193 -98
195 -98
195 -96
197 -96
197 -94
199 -94
201 -94
201 -92
209 -61
209 -63
209 -65
209 -67
209 -69
209 -71
207 -71
207 -73
207 -75
207 -77
207 -79
207 -81
207 -83
207 -85
207 -87
207 -89
207 -91
207 -93
207 -95
207 -97
207 -99
207 -101
207 -103
207 -105
207 -107
207 -109
205 -107
241 -44
239 -44
237 -44
235 -44
233 -44
231 -44
229 -44
227 -44
225 -44
225 -46
223 -46
221 -46
219 -46
217 -46
217 -48
217 -50
217 -52
215 -52
215 -54
215 -56
215 -58
215 -60
215 -62
215 -64
215 -66
215 -68
215 -70
217 -70
217 -68
219 -68
221 -68
223 -68
225 -68
227 -68
229 -68
231 -68
233 -68
235 -68
235 -70
237 -70
237 -72
239 -72
239 -74
241 -74
241 -76
241 -78
243 -78
243 -80
243 -82
243 -84
243 -86
243 -88
243 -90
243 -92
243 -94
243 -96
243 -98
241 -98
241 -100
239 -100
239 -102
237 -102
237 -104
235 -104
235 -106
233 -106
231 -106
229 -106
229 -108
227 -108
225 -108
223 -108
221 -108
219 -108
217 -108
215 -108
213 -108
211 -108
209 -108
209 -106
207 -106
207 -104
205 -104
205 -102
255 -47
255 -45
257 -45
259 -45
261 -45
263 -45
265 -45
267 -45
269 -45
271 -45
271 -47
273 -47
275 -47
277 -47
279 -47
281 -47
283 -47
285 -47
287 -47
287 -49
289 -49
291 -49
293 -49
295 -49
297 -49
299 -49
272 -51
272 -53
272 -55
272 -57
274 -57
274 -59
274 -61
274 -63
274 -65
274 -67
274 -69
274 -71
274 -73
274 -75
274 -77
274 -79
274 -81
274 -83
276 -85
276 -87
276 -89
276 -91
276 -93
276 -95
276 -97
276 -99
276 -101
276 -103
276 -105
276 -107
305 -130
305 -128
307 -128
309 -128
311 -128
313 -128
315 -128
317 -128
319 -128
321 -128
323 -128
325 -128
325 -126
327 -126
329 -126
331 -126
333 -126
335 -126
337 -126
337 -124
339 -124
341 -124
343 -124
345 -124
347 -124
349 -124
351 -124
353 -124
375 -72
377 -72
377 -70
379 -70
381 -70
383 -70
383 -68
385 -68
387 -68
387 -66
389 -66
391 -66
391 -64
393 -64
395 -64
395 -62
397 -62
397 -64
397 -66
395 -66
395 -68
395 -70
395 -72
393 -74
393 -76
393 -78
393 -80
393 -82
393 -84
393 -86
393 -88
393 -90
393 -92
393 -94
393 -96
393 -98
393 -100
393 -102
393 -104
393 -106
393 -108
393 -110
393 -112
393 -114
393 -116
393 -118
393 -120
383 -127
381 -127
381 -125
383 -125
385 -125
387 -125
389 -125
391 -125
393 -125
393 -123
395 -123
397 -123
399 -123
401 -123
403 -123
405 -123
407 -123
407 -121
409 -121
411 -121
413 -121
434 -87
434 -89
434 -91
434 -93
434 -95
432 -95
432 -97
432 -99
432 -101
432 -103
432 -105
432 -107
432 -109
432 -111
432 -113
430 -113
430 -115
430 -117
430 -119
430 -121
430 -123
430 -125
428 -68
430 -68
455 -62
455 -64
455 -66
455 -68
455 -70
455 -72
455 -74
457 -74
457 -76
457 -78
457 -80
457 -82
457 -84
457 -86
457 -88
457 -90
457 -92
457 -94
457 -96
457 -98
457 -100
457 -102
457 -104
457 -106
457 -108
457 -110
457 -112
457 -114
457 -116
457 -118
457 -120
457 -122
457 -124
457 -126
457 -128
485 -84
483 -84
481 -84
481 -86
479 -86
479 -88
477 -88
477 -90
475 -90
475 -92
473 -92
473 -94
473 -96
471 -96
471 -98
469 -98
469 -100
467 -100
467 -102
465 -102
465 -104
463 -104
463 -106
465 -106
465 -108
467 -108
467 -110
469 -110
471 -110
471 -112
473 -112
473 -114
475 -114
475 -116
477 -116
477 -118
479 -118
479 -120
481 -120
481 -122
483 -122
483 -124
485 -124
485 -126
487 -126
487 -128
507 -76
505 -76
505 -76
503 -76
505 -76
507 -76
509 -76
511 -74
513 -74
515 -74
517 -74
519 -74
521 -74
523 -74
525 -74
525 -76
525 -78
527 -78
527 -80
527 -82
529 -82
529 -84
529 -86
529 -88
529 -90
529 -92
529 -94
527 -94
527 -96
525 -96
525 -98
523 -98
521 -98
521 -100
519 -100
517 -102
515 -102
513 -102
513 -104
511 -104
509 -104
511 -104
513 -104
515 -104
515 -102
517 -102
519 -102
521 -102
523 -102
525 -102
525 -104
527 -104
527 -106
529 -106
529 -108
531 -108
531 -110
533 -110
533 -112
533 -114
535 -114
535 -116
535 -118
535 -120
535 -122
535 -124
535 -126
535 -128
535 -130
533 -130
531 -130
531 -132
529 -132
527 -132
525 -132
525 -134
523 -134
521 -134
519 -134
519 -136
517 -136
515 -136
513 -136
511 -136
509 -136
507 -136
505 -136
503 -136
503 -134
501 -134
501 -132
546 -155
546 -153
548 -153
550 -153
552 -153
554 -153
556 -153
558 -153
558 -151
560 -151
562 -151
564 -151
566 -151
568 -151
570 -151
572 -151
574 -151
576 -151
578 -151
580 -151
582 -151
584 -151
586 -151
588 -151
590 -151
592 -151
594 -151
613 -78
613 -76
613 -78
613 -80
615 -80
615 -82
615 -84
615 -86
615 -88
615 -90
615 -92
615 -94
615 -96
615 -98
615 -100
615 -102
613 -104
613 -106
613 -108
613 -110
613 -112
613 -114
613 -116
611 -118
611 -120
611 -122
611 -124
611 -126
611 -128
611 -130
611 -132
611 -134
611 -136
609 -136
609 -138
611 -138
613 -138
615 -138
617 -138
619 -138
621 -138
623 -138
625 -138
627 -138
629 -138
631 -138
633 -138
635 -138
637 -138
661 -116
663 -116
665 -116
667 -116
669 -116
671 -116
673 -116
675 -116
677 -116
679 -116
681 -116
683 -116
685 -116
687 -116
689 -116
689 -114
689 -112
689 -110
689 -108
689 -106
689 -104
689 -102
689 -100
687 -100
687 -98
685 -98
685 -96
683 -96
683 -94
681 -94
679 -94
677 -94
677 -92
675 -92
673 -92
671 -92
669 -92
667 -92
667 -94
665 -94
665 -96
663 -96
663 -98
661 -98
661 -100
659 -102
659 -104
657 -104
657 -106
655 -106
655 -108
655 -110
653 -110
653 -112
653 -114
653 -116
653 -118
653 -120
653 -122
653 -124
653 -126
653 -128
653 -130
655 -130
655 -132
655 -134
657 -134
657 -136
659 -136
659 -138
661 -138
661 -140
663 -140
665 -140
665 -142
667 -142
669 -142
671 -142
673 -142
675 -142
677 -142
679 -142
681 -142
683 -142
683 -140
685 -140
685 -138
687 -138
689 -138
689 -136
691 -136
740 -90
740 -88
738 -88
738 -86
736 -86
734 -86
734 -84
732 -84
730 -84
728 -84
726 -84
726 -86
724 -86
724 -88
722 -88
720 -90
720 -92
718 -92
718 -94
716 -94
716 -96
714 -96
714 -98
714 -100
714 -102
714 -104
712 -104
712 -106
712 -108
712 -110
712 -112
712 -114
712 -116
712 -118
712 -120
712 -122
712 -124
712 -126
712 -128
712 -130
712 -132
712 -134
712 -136
714 -136
714 -138
716 -138
716 -140
716 -142
718 -142
720 -142
722 -142
724 -142
724 -144
726 -144
728 -144
730 -144
732 -144
734 -144
736 -144
738 -144
738 -142
740 -142
740 -140
742 -140
742 -138
742 -136
742 -134
742 -132
742 -130
742 -128
742 -126
744 -126
744 -124
744 -122
744 -120
744 -118
744 -116
744 -114
744 -112
744 -110
744 -108
744 -106
744 -104
744 -102
744 -100
742 -100
742 -98
740 -98
765 -95
763 -95
763 -97
761 -97
761 -99
761 -101
761 -103
761 -105
761 -107
761 -109
759 -109
759 -111
759 -113
759 -115
759 -117
759 -119
757 -121
757 -123
757 -125
757 -127
757 -129
757 -131
757 -133
757 -135
757 -137
757 -139
759 -139
759 -141
761 -143
761 -141
761 -115
761 -113
763 -113
763 -111
763 -109
765 -109
765 -107
767 -107
767 -105
769 -105
769 -103
771 -103
771 -101
773 -99
775 -99
775 -97
777 -97
779 -97
781 -97
783 -97
785 -97
787 -97
789 -97
789 -99
791 -99
791 -101
793 -101
793 -103
795 -103
795 -105
795 -107
795 -109
797 -109
797 -111
797 -113
797 -115
797 -117
797 -119
797 -121
797 -123
797 -125
797 -127
797 -129
797 -131
797 -133
797 -135
797 -137
797 -139
797 -141
795 -141
795 -143
841 -83
839 -83
837 -85
837 -87
835 -87
835 -89
833 -89
833 -91
833 -93
831 -93
831 -95
831 -97
829 -97
829 -99
827 -99
827 -101
827 -103
825 -103
825 -105
823 -105
823 -107
823 -109
821 -109
821 -111
819 -111
819 -113
819 -115
817 -115
817 -117
817 -119
817 -121
815 -123
815 -125
815 -127
815 -129
815 -131
817 -131
819 -131
819 -129
821 -129
823 -129
825 -129
827 -129
829 -129
831 -129
833 -129
835 -129
837 -129
839 -129
841 -129
843 -129
845 -129
847 -131
849 -131
851 -131
853 -131
855 -131
845 -85
845 -87
845 -89
845 -91
845 -93
845 -95
845 -97
845 -99
845 -101
845 -103
845 -105
845 -107
845 -109
845 -111
845 -113
845 -115
845 -117
845 -119
845 -121
845 -123
845 -125
845 -127
845 -129
845 -131
845 -133
845 -135
845 -137
845 -139
845 -141
845 -143
845 -145
845 -147
847 -147
847 -149
847 -151
847 -153
847 -155
877 -106
877 -104
875 -104
873 -104
871 -104
871 -106
871 -108
871 -110
871 -112
871 -114
871 -116
871 -118
871 -120
871 -122
871 -124
871 -126
871 -128
871 -130
871 -132
871 -134
871 -136
871 -138
871 -140
871 -142
871 -144
871 -146
871 -148
871 -150
871 -152
871 -116
871 -114
871 -112
871 -110
873 -110
873 -108
875 -108
877 -108
879 -108
879 -106
881 -106
883 -106
885 -106
887 -106
889 -106
891 -106
893 -108
895 -108
897 -108
897 -110
942 -122
942 -120
940 -120
940 -118
938 -118
938 -116
936 -116
936 -114
934 -114
934 -112
932 -112
932 -110
930 -110
928 -110
926 -110
924 -110
922 -110
920 -110
920 -112
920 -114
918 -114
918 -116
916 -116
916 -118
914 -118
914 -120
914 -122
912 -122
912 -124
912 -126
912 -128
912 -130
912 -132
912 -134
912 -136
912 -138
912 -140
912 -142
914 -144
914 -146
916 -146
916 -148
918 -148
918 -150
920 -150
922 -150
922 -152
924 -152
926 -152
928 -152
930 -152
932 -152
934 -152
936 -152
936 -150
938 -150
940 -148
940 -146
942 -146
942 -144
946 -94
946 -92
946 -90
946 -88
946 -90
946 -92
946 -94
946 -96
946 -98
946 -100
946 -102
946 -104
946 -106
946 -108
946 -110
946 -112
946 -114
944 -116
944 -118
944 -120
944 -122
944 -124
944 -126
944 -128
944 -130
944 -132
944 -134
944 -136
944 -138
944 -140
944 -142
944 -144
944 -146
944 -148
944 -150
944 -152
944 -154
946 -154
946 -156
946 -158
946 -155
994 -102
994 -100
994 -98
992 -98
990 -98
990 -96
988 -96
986 -96
984 -96
982 -96
982 -98
980 -98
978 -100
976 -100
976 -102
974 -104
974 -106
972 -106
972 -108
970 -108
970 -110
970 -112
968 -112
968 -114
968 -116
966 -116
966 -118
966 -120
966 -122
966 -124
964 -124
964 -126
964 -128
964 -130
964 -132
964 -134
964 -136
962 -136
962 -138
962 -140
962 -142
962 -144
964 -144
964 -146
964 -148
966 -148
966 -150
968 -152
968 -154
970 -154
970 -156
972 -156
974 -156
974 -158
976 -158
978 -158
980 -158
980 -160
982 -160
984 -160
986 -160
988 -160
990 -160
992 -160
994 -160
996 -160
998 -160
1000 -160
1000 -158
1002 -158
1002 -156
1004 -156
1004 -154
1006 -154
1006 -152
1008 -152
1008 -150
1008 -148
1008 -146
1010 -144
1010 -142
1010 -140
1010 -138
1010 -136
1010 -134
1010 -132
1010 -130
1010 -128
1010 -126
1010 -124
1010 -122
1010 -120
1008 -120
1008 -118
1008 -116
1006 -116
1006 -114
1004 -114
1004 -112
1002 -112
1002 -110
1002 -108
1000 -108
1000 -106
998 -106
1021 -180
1019 -180
1021 -180
1023 -180
1025 -180
1027 -180
1029 -180
1031 -180
1033 -180
1035 -180
1037 -180
1039 -180
1041 -180
1043 -180
1045 -180
1047 -180
1049 -180
1051 -180
1051 -178
1053 -178
1055 -178
1057 -178
1059 -178
1061 -178
1063 -178
1065 -178
1065 -176
1067 -176
1069 -176
1114 -127
1116 -125
1116 -123
1116 -121
1114 -119
1114 -117
1112 -117
1110 -117
1110 -115
1108 -115
1106 -115
1106 -113
1104 -113
1102 -113
1102 -111
1100 -111
1098 -111
1098 -113
1096 -113
1096 -115
1094 -115
1092 -115
1092 -117
1090 -117
1090 -119
1088 -119
1088 -121
1088 -123
1086 -123
1086 -125
1084 -125
1084 -127
1082 -127
1082 -129
1082 -131
1080 -131
1080 -133
1080 -135
1080 -137
1080 -139
1080 -141
1080 -143
1080 -145
1080 -147
1080 -149
1082 -149
1082 -151
1084 -151
1084 -153
1086 -153
1086 -155
1088 -155
1090 -155
1090 -157
1092 -157
1094 -157
1096 -157
1096 -159
1098 -159
1100 -159
1102 -159
1104 -159
1106 -159
1108 -159
1110 -159
1110 -157
1112 -157
1112 -155
1114 -155
1114 -153
1116 -151
1116 -149
1116 -147
1118 -147
1118 -145
1118 -92
1118 -94
1118 -96
1118 -98
1118 -100
1118 -102
1118 -104
1118 -106
1118 -108
1118 -110
1118 -112
1118 -114
1118 -116
1118 -118
1118 -120
1118 -122
1118 -124
1118 -126
1118 -128
1118 -130
1118 -132
1118 -134
1118 -136
1118 -138
1118 -140
1120 -142
1120 -144
1120 -146
1120 -148
1120 -150
1120 -152
1120 -154
1120 -156
1120 -158
1120 -160
1120 -162
1122 -162
1122 -164
1122 -166
1122 -164
1162 -102
1160 -102
1158 -102
1158 -104
1158 -106
1156 -106
1156 -108
1156 -110
1154 -110
1154 -112
1154 -114
1152 -116
1152 -118
1150 -118
1150 -120
1150 -122
1148 -124
1148 -126
1148 -128
1146 -128
1146 -130
1146 -132
1146 -134
1144 -134
1144 -136
1144 -138
1142 -138
1142 -140
1142 -142
1140 -142
1140 -144
1140 -146
1142 -146
1144 -146
1146 -146
1148 -144
1150 -144
1152 -144
1154 -144
1156 -144
1158 -144
1160 -144
1162 -144
1164 -144
1166 -144
1168 -144
1170 -144
1172 -144
1174 -144
1176 -144
1178 -144
1180 -144
1167 -107
1165 -107
1165 -109
1165 -111
1165 -113
1165 -115
1163 -115
1163 -117
1163 -119
1163 -121
1163 -123
1163 -125
1163 -127
1163 -129
1163 -131
1163 -133
1163 -135
1163 -137
1161 -137
1161 -139
1161 -141
1161 -143
1161 -145
1161 -147
1161 -149
1161 -151
1161 -153
1161 -155
1161 -157
1161 -159
1161 -161
1161 -163
1161 -165
1161 -167
1161 -165
1179 -188
1179 -186
1181 -186
1181 -184
1183 -184
1185 -184
1187 -184
1189 -184
1191 -184
1193 -184
1195 -184
1197 -184
1199 -184
1201 -184
1203 -184
1205 -184
1207 -184
1209 -184
1211 -184
1213 -184
1213 -182
1215 -182
1217 -182
1219 -182
1221 -182
1223 -182
1225 -182
1227 -182
1243 -108
1245 -108
1245 -110
1247 -110
1247 -112
1249 -114
1249 -116
1249 -118
1251 -118
1251 -120
1251 -122
1251 -124
1251 -126
1251 -128
1253 -128
1253 -130
1253 -132
1253 -134
1253 -136
1255 -136
1255 -138
1255 -140
1255 -142
1255 -144
1257 -144
1257 -146
1257 -148
1257 -150
1257 -152
1259 -152
1259 -154
1259 -156
1261 -156
1261 -158
1261 -160
1261 -162
1263 -162
1263 -164
1263 -166
1265 -166
1265 -168
1267 -168
1269 -166
1269 -164
1271 -164
1271 -162
1271 -160
1271 -158
1273 -158
1273 -156
1273 -154
1273 -152
1273 -150
1273 -148
1275 -148
1275 -146
1275 -144
1275 -142
1277 -142
1277 -140
1277 -138
1279 -138
1279 -136
1279 -134
1279 -132
1281 -132
1281 -130
1281 -128
1281 -126
1283 -124
1283 -122
1283 -120
1283 -118
1285 -118
1285 -116
1285 -114
1285 -112
1285 -110
1287 -110
1287 -108
1310 -122
1308 -122
1308 -120
1308 -122
1308 -124
1308 -126
1308 -128
1308 -130
1308 -132
1308 -134
1308 -136
1308 -138
1308 -140
1308 -142
1308 -144
1308 -146
1308 -148
1308 -150
1308 -152
1308 -154
1308 -156
1308 -158
1308 -160
1308 -162
1308 -110
1310 -110
1332 -108
1332 -110
1332 -112
1332 -114
1332 -116
1332 -118
1330 -118
1330 -120
1330 -122
1330 -124
1330 -126
1330 -128
1330 -130
1330 -132
1330 -134
1330 -136
1328 -136
1328 -138
1328 -140
1328 -142
1328 -144
1328 -146
1328 -148
1328 -150
1328 -152
1328 -154
1328 -156
1328 -158
1328 -160
1328 -162
1330 -162
1330 -164
1335 -110
1335 -112
1337 -112
1337 -114
1337 -116
1339 -116
1339 -118
1341 -118
1341 -120
1341 -122
1343 -122
1343 -124
1345 -124
1345 -126
1347 -128
1347 -130
1349 -130
1349 -132
1351 -132
1351 -134
1353 -134
1353 -136
1355 -136
1355 -138
1357 -138
1357 -140
1359 -142
1359 -144
1361 -144
1361 -146
1363 -146
1363 -148
1365 -148
1365 -150
1367 -150
1367 -152
1367 -154
1369 -154
1369 -156
1371 -156
1371 -158
1371 -156
1371 -154
1371 -152
1371 -150
1371 -148
1371 -146
1371 -144
1371 -142
1369 -142
1369 -140
1369 -138
1369 -136
1369 -134
1369 -132
1369 -130
1369 -128
1369 -126
1369 -124
1369 -122
1369 -120
1369 -118
1369 -116
1369 -114
1369 -112
1367 -112
1367 -110
1367 -108
1367 -106
1367 -104
1367 -102
1422 -128
1422 -126
1420 -126
1418 -124
1416 -124
1414 -124
1412 -124
1412 -122
1410 -122
1408 -122
1406 -122
1404 -122
1402 -122
1402 -124
1400 -124
1400 -126
1398 -128
1398 -130
1396 -130
1396 -132
1394 -132
1394 -134
1394 -136
1392 -136
1392 -138
1392 -140
1392 -142
1392 -144
1392 -146
1392 -148
1392 -150
1392 -152
1392 -154
1394 -154
1394 -156
1396 -156
1396 -158
1398 -158
1398 -160
1400 -160
1402 -160
1404 -162
1406 -162
1408 -162
1410 -162
1412 -162
1414 -162
1416 -162
1418 -162
1418 -160
1420 -160
1420 -158
1422 -158
1422 -156
1424 -156
1424 -154
1438 -119
1440 -119
1442 -119
1442 -117
1444 -117
1446 -117
1446 -115
1448 -115
1448 -113
1448 -111
1450 -111
1450 -109
1452 -109
1452 -107
1454 -107
1454 -105
1454 -103
1456 -103
1456 -101
1458 -101
1458 -103
1458 -105
1458 -107
1458 -109
1458 -111
1458 -113
1458 -115
1458 -117
1458 -119
1458 -121
1458 -123
1458 -125
1458 -127
1458 -129
1458 -131
1458 -133
1458 -135
1458 -137
1458 -139
1458 -141
1458 -143
1458 -145
1458 -147
1458 -149
1458 -151
1458 -153
1458 -155
1458 -157
1458 -159
1460 -159
1460 -161
1460 -163
1460 -165
1460 -167
1460 -169
1440 -171
1442 -171
1444 -171
1446 -171
1448 -171
1450 -171
1452 -171
1452 -169
1454 -169
1456 -169
1458 -169
1460 -169
1462 -169
1462 -167
1464 -167
1466 -167
1468 -167
1470 -167
1472 -167
1474 -167
1476 -167
1484 -108
1486 -108
1486 -106
1488 -106
1490 -106
1492 -106
1494 -106
1496 -106
1498 -106
1500 -106
1500 -108
1500 -110
1500 -112
1500 -114
1500 -116
1500 -118
1502 -120
1502 -122
1502 -124
1502 -126
1502 -128
1502 -130
1502 -132
1502 -134
1502 -136
1502 -138
1502 -140
1504 -140
1504 -142
1506 -144
1508 -144
1510 -144
1510 -146
1512 -146
1514 -146
1516 -146
1516 -148
1514 -148
1512 -148
1512 -150
1510 -150
1510 -152
1508 -152
1508 -154
1508 -156
1506 -156
1506 -158
1506 -160
1504 -160
1504 -162
1504 -164
1504 -166
1504 -168
1504 -170
1504 -172
1504 -174
1504 -176
1504 -178
1504 -180
1504 -182
1504 -184
1504 -186
1504 -188
1502 -188
1502 -190
1500 -190
1500 -192
1498 -192
1498 -194
1496 -194
1494 -194
1494 -196
1492 -196
1490 -194
